local Players = game:GetService("Players")
local RunService = game:GetService("RunService")

local player = Players.LocalPlayer
local camera = game.Workspace.CurrentCamera
local character = player.Character or player.CharacterAdded:Wait()
local humanoidRootPart = character:WaitForChild("HumanoidRootPart")

-- Define your cutscene points here
-- Replace this table with your full cutscene script
local cutscenePoints = {
    CFrame.new( 143.7686, 441.166107, 17.4488506, -0.810620725, -0.0184796825, -0.585279942, -0.0670083985, 0.995863736, 0.0613640398, 0.581725061, 0.0889616311, -0.808505952),
    CFrame.new( 143.987015, 441.167755, 17.8870773, -0.715422451, -0.0310652908, -0.698001325, -0.0722197369, 0.996948004, 0.0296520088, 0.694949806, 0.0716231689, -0.715482414),
    CFrame.new( 144.243118, 441.167755, 18.4009457, -0.690201759, -0.0541908294, -0.721585095, -0.0750441104, 0.997175515, -0.00310730701, 0.719715238, 0.052006036, -0.692318916),
    CFrame.new( 144.499222, 441.167755, 18.9148102, -0.698032618, -0.0576534383, -0.713741302, -0.0769391507, 0.997021914, -0.00529000582, 0.711920619, 0.0512220487, -0.700389504),
    CFrame.new( 144.755325, 441.167755, 19.428669, -0.737897158, -0.0417288095, -0.673622012, -0.0775694102, 0.996716499, 0.0232273657, 0.670440853, 0.0693918541, -0.738711059),
    CFrame.new( 145.011429, 441.167755, 19.9425316, -0.752032876, -0.038921643, -0.657975554, -0.0774467289, 0.99655807, 0.0295676664, 0.65455991, 0.0731939077, -0.752458692),
    CFrame.new( 145.331558, 441.167755, 20.5848618, -0.739580631, -0.0510250218, -0.671131253, -0.0775890872, 0.996938288, 0.00970688276, 0.668581009, 0.0592514686, -0.741275072),
    CFrame.new( 145.56633, 441.167755, 21.0559063, -0.756428838, -0.0467071459, -0.652406335, -0.0777001604, 0.996801019, 0.0187259056, 0.64944464, 0.0648568943, -0.757638037),
    CFrame.new( 145.872772, 441.17746, 21.6505241, -0.762510896, -0.0444401056, -0.645447314, -0.0771939605, 0.996760786, 0.022565864, 0.642353654, 0.0670313612, -0.763471365),
    CFrame.new( 146.17923, 441.187164, 22.2451382, -0.768526614, -0.0421927869, -0.638425112, -0.0766529813, 0.996708333, 0.0264023878, 0.63520956, 0.0692281201, -0.769231021),
    CFrame.new( 146.485672, 441.196869, 22.839756, -0.774475336, -0.0399654731, -0.631340504, -0.076077275, 0.996643543, 0.030235108, 0.628013015, 0.0714469999, -0.774916232),
    CFrame.new( 146.79213, 441.206573, 23.4343681, -0.780356467, -0.0377583541, -0.624194026, -0.0754668564, 0.996566415, 0.0340636522, 0.620764554, 0.0736877546, -0.780526459),
    CFrame.new( 147.13504, 441.220978, 24.0923271, -0.783822715, -0.0363150686, -0.619921923, -0.0746790171, 0.996556103, 0.0360450223, 0.616477907, 0.0745480731, -0.783835173),
    CFrame.new( 147.379456, 441.23764, 24.5479851, -0.780836582, -0.0370921791, -0.623633325, -0.0739837363, 0.996701717, 0.0333519317, 0.620339215, 0.072181128, -0.781005323),
    CFrame.new( 147.672745, 441.257599, 25.0947762, -0.777230084, -0.0380396098, -0.628065705, -0.0731326416, 0.996867239, 0.0301249418, 0.624952137, 0.0693461075, -0.777577102),
    CFrame.new( 147.966034, 441.277557, 25.6415672, -0.773598433, -0.0390032679, -0.63247478, -0.072263293, 0.997022808, 0.0269032642, 0.62954241, 0.0665170178, -0.774113715),
    CFrame.new( 148.210449, 441.294189, 26.0972252, -0.770553052, -0.0398186557, -0.636130989, -0.0715249181, 0.997144759, 0.0242226608, 0.633350074, 0.0641640574, -0.771200836),
    CFrame.new( 148.504288, 441.310059, 26.767067, -0.764440119, -0.0418257825, -0.643336535, -0.0722967535, 0.997160554, 0.0210768599, 0.640628219, 0.0626231506, -0.76529336),
    CFrame.new( 148.99585, 441.322876, 28.2936745, -0.745734453, -0.048526518, -0.664473832, -0.0790690556, 0.996741712, 0.0159466323, 0.661534846, 0.0644312575, -0.74714148),
    CFrame.new( 149.585724, 441.338226, 30.1256065, -0.722457707, -0.0564879254, -0.689103901, -0.0870008543, 0.996162534, 0.00955338497, 0.685919762, 0.0668545365, -0.724599659),
    CFrame.new( 150.077301, 441.351013, 31.6522141, -0.702387869, -0.0630493313, -0.708996594, -0.0934421048, 0.995616674, 0.00403334154, 0.705634415, 0.0690831095, -0.705200434),
    CFrame.new( 150.667175, 441.366394, 33.4841461, -0.67752248, -0.0708265677, -0.732084036, -0.10096164, 0.994886458, -0.002814729, 0.728539765, 0.072005339, -0.681208611),
    CFrame.new( 151.057434, 441.272888, 35.0568008, -0.655254543, -0.0775297508, -0.751419187, -0.107999749, 0.994115591, -0.00839241128, 0.74764812, 0.0756539181, -0.65977186),
    CFrame.new( 151.407776, 441.157593, 36.5776062, -0.633082151, -0.0839224309, -0.769522071, -0.11482498, 0.993289173, -0.0138600394, 0.765521049, 0.079585813, -0.638469875),
    CFrame.new( 151.816498, 441.023102, 38.3518791, -0.606519818, -0.0912233889, -0.78981781, -0.122582123, 0.992247403, -0.0204701386, 0.78556186, 0.0844019949, -0.612999976),
    CFrame.new( 152.166046, 440.816406, 39.9959908, -0.583656549, -0.0972217172, -0.806159496, -0.129194036, 0.991278291, -0.0260107648, 0.801657081, 0.0889696181, -0.591126502),
    CFrame.new( 152.57341, 440.521881, 41.9860611, -0.556651056, -0.103972062, -0.824214578, -0.136790723, 0.990066528, -0.0325091816, 0.819407105, 0.0946485996, -0.565343916),
    CFrame.new( 152.922577, 440.26944, 43.6918335, -0.533007145, -0.109598354, -0.838982582, -0.143125981, 0.988964677, -0.0382626988, 0.833917558, 0.0996858999, -0.542811513),
    CFrame.new( 153.329941, 439.974915, 45.6819038, -0.504870296, -0.115969464, -0.855369568, -0.15030466, 0.987606823, -0.0451826677, 0.850008607, 0.105754644, -0.51604408),
    CFrame.new( 153.524673, 439.913879, 46.7666206, -0.491697371, -0.118815847, -0.862621903, -0.153847307, 0.986916363, -0.04824242, 0.857067466, 0.108991385, -0.503543675),
    CFrame.new( 153.719391, 439.852844, 47.851326, -0.478407025, -0.121610217, -0.869676769, -0.157341242, 0.98620832, -0.051352255, 0.863927364, 0.112268738, -0.490943283),
    CFrame.new( 154.038895, 439.796387, 49.2453613, -0.452675611, -0.121618919, -0.883342326, -0.161108315, 0.985506058, -0.0531236641, 0.876999974, 0.118265994, -0.465708345),
    CFrame.new( 155.259583, 439.763184, 52.9596863, -0.334710628, -0.101339154, -0.936856091, -0.168268248, 0.984649062, -0.0463916995, 0.927175641, 0.142115325, -0.346624613),
    CFrame.new( 156.327682, 439.7341, 56.2097282, -0.226820171, -0.0815571994, -0.970515966, -0.175391659, 0.98361671, -0.041667182, 0.958013833, 0.160769403, -0.237408459),
    CFrame.new( 157.548355, 439.700897, 59.9240532, -0.100094736, -0.0569451973, -0.993347168, -0.18431206, 0.982143521, -0.0377307124, 0.977757812, 0.179309189, -0.108803064),
    CFrame.new( 158.637161, 439.709137, 62.8213501, -0.0502116084, -0.0056046769, -0.998722851, -0.191823199, 0.981420875, 0.00413648086, 0.980144262, 0.191785902, -0.0503538549),
    CFrame.new( 159.594055, 439.75882, 64.9015656, 0.00298979878, 0.0457035117, -0.99895072, -0.18227008, 0.982245982, 0.0443937145, 0.983244061, 0.181946069, 0.0112670958),
    CFrame.new( 160.341629, 439.797638, 66.5267258, 0.0787158012, 0.0493076891, -0.995676875, -0.176952988, 0.983606696, 0.0347204767, 0.981066465, 0.17345497, 0.0861505568),
    CFrame.new( 161.059311, 439.83493, 68.0868835, 0.101234764, 0.0276276171, -0.994478881, -0.193150401, 0.981139898, 0.00759492908, 0.975932658, 0.191315114, 0.104661733),
    CFrame.new( 161.994858, 439.894318, 69.9988022, 0.125731587, 0.021465458, -0.991832137, -0.204533055, 0.978848338, -0.00474361377, 0.970751166, 0.203458846, 0.127462536),
    CFrame.new( 163.090576, 439.975525, 72.1066513, 0.148569375, 0.0374570601, -0.988192439, -0.208359614, 0.978035688, 0.00574632781, 0.966702461, 0.205045626, 0.153110653),
    CFrame.new( 164.30806, 440.065796, 74.4487, 0.17381376, 0.0551789552, -0.983231425, -0.212893769, 0.976924181, 0.0171900559, 0.961491108, 0.206335962, 0.18155013),
    CFrame.new( 165.282043, 440.138, 76.3223419, 0.193893015, 0.0693104714, -0.978571236, -0.216730565, 0.975880504, 0.0261771493, 0.956782818, 0.207010686, 0.204238147),
    CFrame.new( 166.588501, 440.254669, 78.6120911, 0.199587017, 0.08540681, -0.976151049, -0.220423579, 0.974575639, 0.0402004458, 0.954766273, 0.207143188, 0.213338301),
    CFrame.new( 167.773239, 440.362335, 80.6676331, 0.20277144, 0.0997124761, -0.974136114, -0.223669663, 0.973219752, 0.0530606881, 0.953339219, 0.2071255, 0.219643787),
    CFrame.new( 169.106049, 440.483459, 82.9801254, 0.206344202, 0.11576952, -0.971606672, -0.227375984, 0.971467435, 0.067464143, 0.951694489, 0.206999168, 0.226779833),
    CFrame.new( 170.237732, 440.583038, 84.9636688, 0.20962289, 0.128949359, -0.969242096, -0.230753213, 0.969790578, 0.0791161507, 0.950163841, 0.20707117, 0.233045757),
    CFrame.new( 171.093155, 440.631561, 86.6281815, 0.214178398, 0.135435432, -0.967359781, -0.234853119, 0.9684304, 0.083587639, 0.948141217, 0.209284782, 0.23922427),
    CFrame.new( 171.948593, 440.680084, 88.2926865, 0.218709514, 0.141921028, -0.965414226, -0.238968179, 0.96702981, 0.0880215466, 0.946076334, 0.211452112, 0.245413184),
    CFrame.new( 172.724747, 440.717102, 89.8281326, 0.22391133, 0.146819293, -0.963487327, -0.237488031, 0.967008471, 0.0921644196, 0.945231855, 0.208180025, 0.251391947),
    CFrame.new( 173.326599, 440.737213, 91.0495834, 0.229326516, 0.149373293, -0.961819768, -0.229953751, 0.968496501, 0.0955824032, 0.945796371, 0.199254423, 0.256450862),
    CFrame.new( 173.928482, 440.757324, 92.2711258, 0.177334324, 0.163309917, -0.97050637, -0.18129465, 0.974680245, 0.130885467, 0.967308044, 0.152737081, 0.202451482),
    CFrame.new( 174.60553, 440.779938, 93.6452484, 0.198014423, 0.163101286, -0.966534138, -0.183255389, 0.974832892, 0.126958057, 0.962916315, 0.151983067, 0.22292012),
    CFrame.new( 175.258102, 440.796478, 94.9885941, 0.247560844, 0.156391755, -0.956167042, -0.201814532, 0.973563194, 0.10698536, 0.947620571, 0.166483, 0.27257818),
    CFrame.new( 176.026535, 440.812653, 96.5821915, 0.255968988, 0.157826334, -0.953714192, -0.185044244, 0.976338089, 0.11190591, 0.948809147, 0.147834882, 0.279117048),
    CFrame.new( 176.794952, 440.828857, 98.1757965, 0.264465541, 0.159108922, -0.951179624, -0.168296427, 0.978776634, 0.116932139, 0.94959712, 0.129155576, 0.285630047),
    CFrame.new( 177.563385, 440.845032, 99.7693863, 0.273046613, 0.160236984, -0.948561966, -0.151578784, 0.980879426, 0.122063816, 0.949983954, 0.110452756, 0.292114288),
    CFrame.new( 178.341949, 440.860535, 101.387367, 0.28191334, 0.161050066, -0.945826471, -0.133950755, 0.982762873, 0.127413988, 0.950043261, 0.0907744765, 0.298626721),
    CFrame.new( 179.201721, 440.8703, 103.200378, 0.292527497, 0.160375535, -0.942712903, -0.108784221, 0.985017478, 0.133816287, 0.9500494, 0.0634073019, 0.305590987),
    CFrame.new( 179.965958, 440.878967, 104.811943, 0.302068472, 0.159541935, -0.939840972, -0.0864709616, 0.986417294, 0.13965635, 0.949356377, 0.0390831605, 0.31176132),
    CFrame.new( 180.825729, 440.888733, 106.624954, 0.312913001, 0.158335522, -0.936490893, -0.0614539273, 0.987315476, 0.146394804, 0.947791576, 0.0117422193, 0.318674177),
    CFrame.new( 181.649994, 440.896332, 108.347214, 0.322499484, 0.155636564, -0.933687031, -0.0411022082, 0.987762392, 0.150453523, 0.945676923, -0.0101445876, 0.324949861),
    CFrame.new( 182.516556, 440.901764, 110.134766, 0.331264079, 0.150779411, -0.931412697, -0.0248751007, 0.988201559, 0.15112552, 0.943210065, -0.0268934704, 0.331106335),
    CFrame.new( 183.296448, 440.906647, 111.743568, 0.339123607, 0.146289617, -0.929297864, -0.0103039378, 0.98835355, 0.151825979, 0.940685451, -0.0419123471, 0.336681366),
    CFrame.new( 184.058594, 440.910431, 113.306961, 0.341036737, 0.155468389, -0.92710495, 0.0030129035, 0.986043572, 0.166460246, 0.940045059, -0.0595623404, 0.335808694),
    CFrame.new( 184.880768, 440.913147, 114.981041, 0.338653326, 0.173213273, -0.924830377, 0.0154576916, 0.981752455, 0.189534619, 0.940784276, -0.0784822628, 0.329796255),
    CFrame.new( 185.620758, 440.915588, 116.487762, 0.348250896, 0.147485137, -0.925726414, 0.0240180753, 0.985817432, 0.166094139, 0.937093616, -0.0800766051, 0.339769483),
    CFrame.new( 186.442963, 440.918304, 118.161903, 0.35870105, 0.128375873, -0.924582779, 0.0337836407, 0.988063633, 0.150296733, 0.932841063, -0.085147351, 0.350082397),
    CFrame.new( 187.265167, 440.921021, 119.836052, 0.368941784, 0.118736587, -0.921837151, 0.0436425284, 0.988499701, 0.144789815, 0.928427398, -0.0936503112, 0.359516799),
    CFrame.new( 188.087372, 440.923706, 121.510208, 0.379081249, 0.109024845, -0.918918431, 0.0535282828, 0.988788962, 0.139396623, 0.923813879, -0.102030769, 0.368995398),
    CFrame.new( 188.87851, 440.92453, 123.10495, 0.385536551, 0.105366051, -0.916656733, 0.0601707362, 0.98847276, 0.13892822, 0.920728564, -0.108717799, 0.374752432),
    CFrame.new( 189.656357, 440.92453, 124.665657, 0.390434951, 0.104295418, -0.914703906, 0.0654003024, 0.987910271, 0.140558109, 0.918304801, -0.114700705, 0.378893673),
    CFrame.new( 189.656357, 440.92453, 124.665657, 0.390434951, 0.104295418, -0.914703906, 0.0654003024, 0.987910271, 0.140558109, 0.918304801, -0.114700705, 0.378893673),
    CFrame.new( 191.134247, 440.92453, 127.630981, 0.399720162, 0.102177694, -0.910924673, 0.0752839297, 0.986751199, 0.143718213, 0.913540542, -0.126025036, 0.386731923),
    CFrame.new( 191.134247, 440.92453, 127.630981, 0.399720162, 0.102177694, -0.910924673, 0.0752839297, 0.986751199, 0.143718213, 0.913540542, -0.126025036, 0.386731923),
    CFrame.new( 192.689941, 440.92453, 130.752411, 0.409460813, 0.099830687, -0.906849325, 0.0856113061, 0.98540473, 0.147133693, 0.908302069, -0.137882024, 0.394937932),
    CFrame.new( 193.467773, 440.92453, 132.31311, 0.41431725, 0.0986119881, -0.904774487, 0.0907448679, 0.984683514, 0.14887552, 0.905597329, -0.143785328, 0.399022818),
    CFrame.new( 194.245605, 440.92453, 133.87381, 0.419164181, 0.0973632485, -0.902674973, 0.0958578959, 0.983930528, 0.150639921, 0.902835965, -0.149671346, 0.403095365),
    CFrame.new( 195.023453, 440.92453, 135.434525, 0.424001336, 0.0960845053, -0.900550306, 0.10095007, 0.983145773, 0.152426824, 0.900017917, -0.155539766, 0.407155275),
    CFrame.new( 195.801285, 440.92453, 136.995224, 0.428828239, 0.0947757885, -0.898400843, 0.106021076, 0.982329488, 0.154236153, 0.897143364, -0.16139023, 0.411202282),
    CFrame.new( 196.579132, 440.92453, 138.555939, 0.433644652, 0.0934371799, -0.896226466, 0.111070625, 0.981481791, 0.156067759, 0.894212365, -0.167222381, 0.415236115),
    CFrame.new( 197.356964, 440.92453, 140.116653, 0.438450277, 0.0920687169, -0.894027352, 0.116098374, 0.980603158, 0.157921612, 0.891225398, -0.173035875, 0.419256568),
    CFrame.new( 198.134811, 440.92453, 141.677353, 0.443244547, 0.0906705111, -0.891803443, 0.121104069, 0.979693294, 0.159797564, 0.88818258, -0.178830385, 0.423263043),
    CFrame.new( 198.834869, 440.92453, 143.081985, 0.447549343, 0.0893867612, -0.8897807, 0.125590041, 0.978848159, 0.161504716, 0.885396481, -0.184028894, 0.426856697),
    CFrame.new( 199.519958, 440.92453, 144.418488, 0.451407284, 0.0879300833, -0.887975276, 0.12935932, 0.978172123, 0.162622213, 0.882891834, -0.188276678, 0.430179298),
    CFrame.new( 200.262253, 440.924561, 145.861267, 0.455528438, 0.0863083005, -0.886027575, 0.133345887, 0.977444828, 0.163769677, 0.880177677, -0.192749858, 0.433745086),
    CFrame.new( 200.937057, 440.924561, 147.172867, 0.459265053, 0.0848172456, -0.884240746, 0.136958033, 0.97676748, 0.164827019, 0.877677679, -0.196803153, 0.436978757),
    CFrame.new( 201.611847, 440.924561, 148.484467, 0.462992132, 0.083310321, -0.8824386, 0.1405586, 0.976074636, 0.165897802, 0.875146687, -0.200843692, 0.440204799),
    CFrame.new( 202.286652, 440.924561, 149.796051, 0.466709495, 0.0817875415, -0.880620778, 0.144147471, 0.975365937, 0.16698195, 0.872584581, -0.204871297, 0.443423033),
    CFrame.new( 202.920227, 440.924561, 151.007996, 0.470036983, 0.0802628174, -0.878989935, 0.147179812, 0.974787354, 0.167714223, 0.870289326, -0.208201438, 0.446372956),
    CFrame.new( 203.549133, 440.924561, 152.176712, 0.473060846, 0.0785980523, -0.877516806, 0.149609759, 0.974380493, 0.167927161, 0.868233979, -0.210724831, 0.449182242),
    CFrame.new( 204.116959, 440.924561, 153.216751, 0.475691676, 0.0773819089, -0.876201689, 0.151588321, 0.974007189, 0.168317214, 0.866451561, -0.212889016, 0.451597005),
    CFrame.new( 204.649506, 440.924561, 154.05481, 0.477316558, 0.078894712, -0.875182688, 0.151523635, 0.973653436, 0.170411095, 0.865569055, -0.213950872, 0.452786386),
    CFrame.new( 205.235306, 440.924561, 154.9767, 0.479103565, 0.0805549547, -0.874054253, 0.151447907, 0.973259628, 0.172712535, 0.86459434, -0.215120852, 0.454092205),
    CFrame.new( 205.736511, 440.924561, 155.635406, 0.479797304, 0.0836773366, -0.873380125, 0.14955239, 0.973074436, 0.175386533, 0.864539623, -0.214766055, 0.4543643),
    CFrame.new( 206.229904, 440.924561, 156.249283, 0.480254322, 0.087202251, -0.872783899, 0.147199482, 0.972921133, 0.178204611, 0.864689708, -0.214056835, 0.454413444),
    CFrame.new( 206.674408, 440.924561, 156.791092, 0.480550468, 0.0911865085, -0.872213662, 0.145001605, 0.972628415, 0.181573838, 0.864896595, -0.213727728, 0.454174727),
    CFrame.new( 207.091278, 440.924561, 157.262482, 0.480457008, 0.095591642, -0.871793211, 0.142706439, 0.972273111, 0.185256645, 0.86533004, -0.21341832, 0.453493863),
    CFrame.new( 207.490875, 440.924591, 157.67717, 0.479984403, 0.0978135094, -0.871807277, 0.140292361, 0.972417414, 0.186341316, 0.865986943, -0.211748779, 0.45302254),
    CFrame.new( 207.890472, 440.924591, 158.091858, 0.47950843, 0.100034408, -0.871817052, 0.137877613, 0.97255379, 0.187427297, 0.866638124, -0.210076988, 0.452555209),
    CFrame.new( 208.335724, 440.924591, 158.544205, 0.47887665, 0.101985946, -0.871938288, 0.135130212, 0.972828865, 0.188001379, 0.867419899, -0.207854629, 0.452083468),
    CFrame.new( 208.763763, 440.924591, 158.939819, 0.477879673, 0.101751059, -0.872512519, 0.132258654, 0.973611593, 0.185979828, 0.86841172, -0.204273254, 0.451811671),
    CFrame.new( 209.20401, 440.936493, 159.267532, 0.47571677, 0.0959343463, -0.874351382, 0.129024819, 0.975671589, 0.177251056, 0.870084047, -0.197134301, 0.451765329),
    CFrame.new( 209.607635, 440.951569, 159.541245, 0.468914002, 0.0902626961, -0.878619611, 0.126048118, 0.977743864, 0.167717069, 0.874203384, -0.189393222, 0.447100312),
    CFrame.new( 210.085358, 441.010132, 159.602798, 0.412370145, 0.0795955136, -0.907532632, 0.121668853, 0.982440114, 0.141449973, 0.902855217, -0.168748185, 0.395444691),
    CFrame.new( 210.563065, 441.068695, 159.664352, 0.354418725, 0.0673486292, -0.932658374, 0.11549966, 0.98661226, 0.115135662, 0.927926302, -0.148527935, 0.341895103),
    CFrame.new( 210.99736, 441.121918, 159.720322, 0.300741613, 0.054874815, -0.952125788, 0.108340532, 0.989915073, 0.0912735611, 0.947532058, -0.130603552, 0.291763455),
    CFrame.new( 211.438705, 441.187256, 159.704865, 0.230966583, 0.039384488, -0.972164273, 0.0984339342, 0.993108034, 0.063618876, 0.967969656, -0.110387772, 0.225497991),
    CFrame.new( 211.816406, 441.264374, 159.554657, 0.142750978, 0.021214243, -0.989531457, 0.0853793472, 0.995779812, 0.0336651243, 0.986069381, -0.0892912596, 0.140337259),
    CFrame.new( 212.159805, 441.334503, 159.418121, 0.0619371235, 0.00271454267, -0.998076439, 0.071010299, 0.997450352, 0.00711949449, 0.995550811, -0.0713146552, 0.0615864694),
    CFrame.new( 212.537506, 441.411652, 159.267914, -0.0268935859, -0.0196785238, -0.999444664, 0.0525308102, 0.998397052, -0.0210714266, 0.998257101, -0.0530683175, -0.0258167386),
    CFrame.new( 212.82016, 441.439575, 159.163376, -0.112736791, -0.0317554846, -0.993117332, 0.0374537297, 0.99864316, -0.036183849, 0.99291873, -0.0412751921, -0.111394435),
    CFrame.new( 213.086548, 441.439362, 159.071884, -0.210137397, -0.0389678553, -0.976895034, 0.0225624945, 0.998746097, -0.0446928442, 0.977411568, -0.0314328223, -0.208994657),
    CFrame.new( 213.352921, 441.439148, 158.980377, -0.305331945, -0.0473201238, -0.951069534, 0.00673259515, 0.998632312, -0.051848039, 0.952222109, -0.0222340319, -0.304595739),
    CFrame.new( 213.558807, 441.437561, 158.919373, -0.37320894, -0.0528093539, -0.926243186, -0.00606788788, 0.998496294, -0.0544839241, 0.92772758, -0.0147135537, -0.372968197),
    CFrame.new( 213.714539, 441.435455, 158.879776, -0.420859426, -0.0562384501, -0.905380964, -0.0158969574, 0.998380482, -0.054625608, 0.906986713, -0.00859689713, -0.421071798),
    CFrame.new( 213.851135, 441.443665, 158.853485, -0.45867002, -0.0581565313, -0.886701584, -0.0245729387, 0.998304665, -0.0527652875, 0.888266921, -0.0024129916, -0.459321439),
    CFrame.new( 213.974747, 441.455841, 158.833725, -0.490762055, -0.0594871305, -0.86926055, -0.032376755, 0.998222709, -0.050033465, 0.870691895, 0.00358930975, -0.491815805),
    CFrame.new( 214.072388, 441.475952, 158.827118, -0.512601137, -0.0593136661, -0.856575847, -0.0385038033, 0.998195648, -0.0460782871, 0.857763171, 0.00936164521, -0.513959885),
    CFrame.new( 214.148392, 441.502625, 158.831451, -0.526202917, -0.057811752, -0.848391712, -0.0432233885, 0.998215199, -0.0412124433, 0.849259853, 0.0149842612, -0.527762473),
    CFrame.new( 216.361069, 441.526093, 163.556, 0.939046383, -0.0476909727, 0.340466678, 0.0555321798, 0.998368323, -0.0133174155, -0.339275956, 0.031412527, 0.940162301),
    CFrame.new( 216.157043, 441.597229, 163.953217, 0.944856465, -0.00264667254, 0.327474207, 0.0079929065, 0.999855757, -0.0149808992, -0.327387333, 0.0167722683, 0.944741428),
    CFrame.new( 216.039017, 441.639374, 164.204559, 0.947885454, 0.0247799065, 0.317646533, -0.0209172294, 0.999660134, -0.0155655649, -0.317924231, 0.0081100855, 0.948081493),
    CFrame.new( 215.92099, 441.681549, 164.455872, 0.949828088, 0.0524360649, 0.308345675, -0.0499787517, 0.998624504, -0.0158676095, -0.30875349, -0.000339230523, 0.951142073),
    CFrame.new( 215.851562, 441.709198, 164.662018, 0.951885521, 0.072468847, 0.297762334, -0.0710639805, 0.997350693, -0.0155562526, -0.29810071, -0.00635240413, 0.954513371),
    CFrame.new( 215.810013, 441.726593, 164.802582, 0.953194201, 0.0856248587, 0.289981484, -0.0848896876, 0.996275663, -0.0151374675, -0.290197551, -0.0101874936, 0.956912577),
    CFrame.new( 215.782486, 441.739014, 164.91394, 0.954303205, 0.0954860598, 0.283174753, -0.0952445269, 0.995346248, -0.0146536203, -0.283256054, -0.0129868444, 0.95895642),
    CFrame.new( 215.757263, 441.750397, 165.016006, 0.955165803, 0.104569077, 0.276990354, -0.104761198, 0.994397044, -0.0141479466, -0.276917756, -0.0155042075, 0.96076858),
    CFrame.new( 215.737183, 441.759796, 165.103851, 0.955861449, 0.11225158, 0.271530181, -0.11279881, 0.993524611, -0.0136435572, -0.271303296, -0.0175869316, 0.962333262),
    CFrame.new( 215.732452, 441.762817, 165.141251, 0.956291854, 0.11514613, 0.268788815, -0.115831576, 0.993179321, -0.0133634135, -0.268494129, -0.0183549114, 0.963106513),
    CFrame.new( 215.727295, 441.766113, 165.182053, 0.956739128, 0.118310474, 0.265806139, -0.119143561, 0.992791235, -0.0130482521, -0.265433758, -0.0191853121, 0.963938236),
    CFrame.new( 215.722549, 441.769165, 165.219482, 0.957130194, 0.121217191, 0.263074815, -0.122182734, 0.992425621, -0.0127503378, -0.26262778, -0.0199394636, 0.964691162),
    CFrame.new( 215.719177, 441.771393, 165.247635, 0.957423925, 0.123388626, 0.260988295, -0.124451637, 0.992146671, -0.0125165163, -0.260483086, -0.0204968043, 0.965260863),
    CFrame.new( 215.717468, 441.772644, 165.264709, 0.957615793, 0.124673098, 0.259670496, -0.12579371, 0.99197948, -0.0123660816, -0.259129465, -0.0208229572, 0.965618193),
    CFrame.new( 215.715607, 441.774017, 165.28334, 0.957820773, 0.126075745, 0.25823313, -0.127258509, 0.991794646, -0.0121998405, -0.257652283, -0.0211770982, 0.966005743),
    CFrame.new( 215.713898, 441.775299, 165.300415, 0.958004415, 0.127362788, 0.256917238, -0.128601894, 0.991622984, -0.0120456032, -0.256299257, -0.0215003043, 0.966358423),
    CFrame.new( 215.713165, 441.776031, 165.311661, 0.958134294, 0.128168494, 0.256030381, -0.129443094, 0.99151504, -0.0119404597, -0.255388349, -0.0217007995, 0.966595054),
    CFrame.new( 215.712616, 441.776642, 165.321381, 0.958246231, 0.128857478, 0.255264461, -0.130162284, 0.991422057, -0.0118489321, -0.254601657, -0.0218716189, 0.966798663),
    CFrame.new( 215.71199, 441.777344, 165.331955, 0.95836699, 0.129609481, 0.254429162, -0.130947039, 0.991319716, -0.0117484285, -0.253743351, -0.0220574327, 0.967020094),
    CFrame.new( 215.711426, 441.777954, 165.34169, 0.958476663, 0.13029927, 0.253662795, -0.131666616, 0.991225421, -0.0116556454, -0.252955765, -0.0222272538, 0.967222512),
    CFrame.new( 215.710846, 441.778656, 165.352753, 0.958604336, 0.131081656, 0.252775609, -0.132482693, 0.991118312, -0.0115474816, -0.252044141, -0.0224189349, 0.967456043),
    CFrame.new( 215.710327, 441.779297, 165.363541, 0.958732069, 0.131837085, 0.251896739, -0.133270591, 0.991013646, -0.011439546, -0.25114122, -0.022602953, 0.967686534),
    CFrame.new( 215.709824, 441.779968, 165.374329, 0.958858192, 0.132593006, 0.251018077, -0.134058699, 0.990908623, -0.0113309026, -0.250238359, -0.022786431, 0.967916131),
    CFrame.new( 215.709335, 441.780609, 165.385132, 0.958982944, 0.133349404, 0.250139534, -0.134847075, 0.990803123, -0.0112215206, -0.249335319, -0.0229693316, 0.968144834),
    CFrame.new( 215.708862, 441.781372, 165.397919, 0.95913589, 0.134233907, 0.249077648, -0.135768831, 0.990678608, -0.0110884784, -0.2482443, -0.0231816247, 0.968420148),
    CFrame.new( 215.708405, 441.782104, 165.410904, 0.959290504, 0.135130852, 0.247994766, -0.136703193, 0.990551293, -0.0109517779, -0.247131512, -0.0233957358, 0.968699455),
    CFrame.new( 215.707947, 441.782867, 165.42392, 0.959442794, 0.136028498, 0.246912554, -0.137637928, 0.990423679, -0.0108140456, -0.246019036, -0.0236090682, 0.968977451),
    CFrame.new( 213.562378, 441.014832, 165.770218, 0.994932711, 0.0960412249, -0.0297503769, -0.097287789, 0.994294584, -0.0437489189, 0.0253790021, 0.04642158, 0.998599529),
    CFrame.new( 206.781525, 438.706299, 166.888504, 0.658125639, -0.153944105, -0.737002134, -0.0327486508, 0.972094417, -0.23229371, 0.752195716, 0.177014247, 0.634718657),
    CFrame.new( 206.332336, 438.70636, 167.036148, 0.643989325, -0.141253978, -0.751881123, -0.035900224, 0.976144433, -0.21413447, 0.764191747, 0.164893001, 0.623555481),
    CFrame.new( 205.977142, 438.70636, 167.152939, 0.632625461, -0.13102293, -0.763294339, -0.0381471701, 0.979117095, -0.199686646, 0.773517966, 0.155444339, 0.614416122),
    CFrame.new( 205.644226, 438.70639, 167.262558, 0.621827722, -0.121275581, -0.773707151, -0.0400563069, 0.981719196, -0.186073884, 0.782129169, 0.14669773, 0.605602205),
    CFrame.new( 205.362915, 438.706421, 167.35498, 0.612603068, -0.11292991, -0.782281637, -0.0415192395, 0.983776033, -0.174531206, 0.789299548, 0.139398068, 0.597975373),
    CFrame.new( 205.146057, 438.70639, 167.426682, 0.605420172, -0.10642007, -0.788759291, -0.0425543487, 0.98527503, -0.165597126, 0.794767678, 0.133820966, 0.591976643),
    CFrame.new( 204.94838, 438.706421, 167.491516, 0.598832488, -0.100441396, -0.794551075, -0.0434255637, 0.986572862, -0.157444134, 0.799696267, 0.128786474, 0.586430013),
    CFrame.new( 204.786911, 438.706451, 167.544449, 0.593417346, -0.0955207869, -0.799206913, -0.0440868475, 0.987585306, -0.1507705, 0.803686619, 0.124704331, 0.581839025),
    CFrame.new( 204.656998, 438.706451, 167.587296, 0.589035988, -0.09153568, -0.802905917, -0.044586271, 0.988369346, -0.145389378, 0.806875825, 0.121438146, 0.5781039),
    CFrame.new( 204.554047, 438.706451, 167.621063, 0.585553885, -0.0883661658, -0.805802882, -0.044960767, 0.988970697, -0.141124457, 0.809385836, 0.118865475, 0.575122356),
    CFrame.new( 204.474182, 438.706451, 167.647385, 0.582842886, -0.0858969763, -0.808032095, -0.04523867, 0.989424884, -0.137810886, 0.811324656, 0.116876386, 0.572793365),
    CFrame.new( 204.413605, 438.706451, 167.667343, 0.580782175, -0.0840193853, -0.809711635, -0.0454420447, 0.989762723, -0.135296553, 0.812789738, 0.115372777, 0.571018457),
    CFrame.new( 204.368927, 438.706482, 167.681976, 0.57926023, -0.0826320797, -0.810943663, -0.0455878638, 0.990007699, -0.133441612, 0.813867033, 0.114266589, 0.569705009),
    CFrame.new( 204.337082, 438.706482, 167.692352, 0.578174651, -0.081642203, -0.811818182, -0.0456896275, 0.990180314, -0.132119611, 0.814632773, 0.113479868, 0.568766892),
    CFrame.new( 204.315414, 438.706451, 167.699722, 0.577433109, -0.0809660256, -0.812413454, -0.0457580686, 0.990297318, -0.131217256, 0.815154791, 0.112943664, 0.568125486),
    CFrame.new( 204.301376, 438.706482, 167.704208, 0.576954305, -0.0805292577, -0.81279695, -0.0458017848, 0.990372121, -0.13063468, 0.815491319, 0.112597778, 0.567711055),
    CFrame.new( 204.293015, 438.706451, 167.707153, 0.576667547, -0.0802674145, -0.813026369, -0.0458278097, 0.990417182, -0.130285606, 0.815692663, 0.11239069, 0.567462683),
    CFrame.new( 204.288177, 438.706451, 167.708588, 0.576503515, -0.0801180899, -0.813157439, -0.0458426364, 0.990442514, -0.130086526, 0.815807819, 0.112272605, 0.567320645),
    CFrame.new( 204.286316, 438.706451, 167.709335, 0.576437533, -0.0800577775, -0.813210189, -0.0458486043, 0.990452826, -0.13000612, 0.815854132, 0.112224951, 0.567263484),
    CFrame.new( 204.285706, 438.706451, 167.709656, 0.576414526, -0.0800371394, -0.813228428, -0.0458506569, 0.990456223, -0.129978567, 0.815870166, 0.112208575, 0.567243516),
    CFrame.new( 204.285431, 438.706482, 167.709427, 0.576410294, -0.0800331235, -0.813231707, -0.0458510369, 0.99045682, -0.129973233, 0.815873086, 0.112205409, 0.567239821),
    CFrame.new( 215.910889, 441.662476, 163.727905, 0.91876781, 0.0578043312, 0.390543908, -0.0451767035, 0.998118758, -0.0414516442, -0.392205238, 0.020440951, 0.919650674),
    CFrame.new( 219.546234, 442.647858, 162.774643, 0.692359209, 0.0575387217, 0.719255328, -0.062301904, 0.997859955, -0.0198542736, -0.718858361, -0.0310646817, 0.69446218),
    CFrame.new( 219.306091, 442.647827, 163.148819, 0.730200469, 0.0546076782, 0.68104732, -0.0685779005, 0.997625232, -0.00646411069, -0.679782748, -0.0419846922, 0.732210934),
    CFrame.new( 219.065979, 442.647827, 163.52301, 0.765988052, 0.0523794182, 0.640717447, -0.0739612877, 0.997237444, 0.0068965517, -0.638586044, -0.0526709557, 0.767745793),
    CFrame.new( 218.805847, 442.647797, 163.92836, 0.80229193, 0.0507331528, 0.59477222, -0.0787986964, 0.996663511, 0.0212781839, -0.591708243, -0.0639385879, 0.803612709),
    CFrame.new( 218.651337, 442.647797, 164.166458, 0.821973622, 0.0502604321, 0.567303658, -0.0815531686, 0.996220529, 0.0299030133, -0.563656449, -0.0708448887, 0.822965741),
    CFrame.new( 218.514862, 442.647827, 164.375244, 0.838264585, 0.0501426458, 0.542953312, -0.0838929042, 0.995766342, 0.0375613756, -0.538771391, -0.0770362988, 0.838922501),
    CFrame.new( 218.388885, 442.647827, 164.567978, 0.852671564, 0.0502140969, 0.52002871, -0.0858072266, 0.995313644, 0.0445871726, -0.515352726, -0.0826404318, 0.852984309),
    CFrame.new( 218.252411, 442.647827, 164.776749, 0.867580533, 0.050481841, 0.49472788, -0.0876178965, 0.994788527, 0.0521434806, -0.489517331, -0.0885856822, 0.867482305),
    CFrame.new( 218.126434, 442.647827, 164.969498, 0.880683839, 0.0509001613, 0.470961988, -0.0890491232, 0.994274497, 0.0590607822, -0.465259373, -0.093952626, 0.88017422),
    CFrame.new( 217.993256, 442.647827, 165.170349, 0.893365741, 0.0517590418, 0.446339369, -0.0905679241, 0.993698537, 0.0660426095, -0.440108269, -0.0994242281, 0.892423511),
    CFrame.new( 217.872192, 442.647858, 165.351196, 0.904015839, 0.052812282, 0.424224526, -0.0919525102, 0.993134379, 0.0723127276, -0.417492896, -0.104380354, 0.902665257),
    CFrame.new( 217.741058, 442.647858, 165.547119, 0.914913356, 0.0540877283, 0.400010198, -0.0933132917, 0.992479444, 0.0792295262, -0.392716527, -0.109814405, 0.913079798),
    CFrame.new( 217.620026, 442.647858, 165.727966, 0.924377143, 0.0553916767, 0.377437145, -0.0944370925, 0.991832852, 0.0857260227, -0.369606107, -0.114887223, 0.922058761),
    CFrame.new( 217.516403, 442.647858, 165.877548, 0.931394041, 0.057022389, 0.359518588, -0.0956521183, 0.991285264, 0.0905776694, -0.351220489, -0.118752211, 0.928731501),
    CFrame.new( 217.410461, 442.647858, 166.028305, 0.937943459, 0.0589465462, 0.341741771, -0.0969761983, 0.990716279, 0.0952733457, -0.332953095, -0.122501805, 0.934952199),
    CFrame.new( 217.296356, 442.647858, 166.190689, 0.944600344, 0.0611085445, 0.322484136, -0.0983284861, 0.990075946, 0.100404985, -0.313148201, -0.126551941, 0.941234767),
    CFrame.new( 217.198547, 442.647888, 166.329849, 0.9499771, 0.0630363077, 0.30589211, -0.0994253606, 0.989504099, 0.104864202, -0.296071202, -0.130032018, 0.946273565),
    CFrame.new( 217.09259, 442.647888, 166.480606, 0.955458045, 0.0652031302, 0.287834108, -0.100547202, 0.988860011, 0.10975723, -0.277471006, -0.133809328, 0.95137006),
    CFrame.new( 217.012253, 442.647888, 166.588593, 0.958759069, 0.0673677027, 0.276120931, -0.101905011, 0.988390684, 0.112692438, -0.26532349, -0.136182994, 0.954493403),
    CFrame.new( 216.931519, 442.647888, 166.69429, 0.961660087, 0.069785051, 0.265217036, -0.103493601, 0.987922847, 0.11531467, -0.253966749, -0.138341755, 0.957268298),
    CFrame.new( 216.856979, 442.647888, 166.79187, 0.96421808, 0.072047621, 0.255132914, -0.104945995, 0.98748076, 0.117762879, -0.243454278, -0.14032425, 0.959707975),
    CFrame.new( 216.770996, 442.647888, 166.876389, 0.96717447, 0.0742906481, 0.24301146, -0.106062815, 0.987046063, 0.120376803, -0.230920643, -0.142199844, 0.962525249),
    CFrame.new( 216.667511, 442.647888, 166.89032, 0.970963776, 0.0757541209, 0.226915553, -0.105683178, 0.986790955, 0.122781664, -0.214616895, -0.143197685, 0.966143966),
    CFrame.new( 216.571991, 442.647888, 166.903137, 0.974220216, 0.0771226063, 0.212007746, -0.105303049, 0.986551404, 0.125009209, -0.199515536, -0.144111544, 0.969239712),
    CFrame.new( 216.468506, 442.647888, 166.917053, 0.977485597, 0.078624323, 0.195806712, -0.104858883, 0.986289263, 0.127430409, -0.183102921, -0.145093441, 0.972327769),
    CFrame.new( 216.35704, 442.647919, 166.932037, 0.980696201, 0.0802638233, 0.178305402, -0.10434255, 0.986002803, 0.130046636, -0.165371478, -0.146141067, 0.975343585),
    CFrame.new( 216.211395, 442.647919, 166.921982, 0.984532535, 0.0819929391, 0.154831678, -0.103030831, 0.985727191, 0.133141503, -0.141705126, -0.147034556, 0.978928328),
    CFrame.new( 216.014816, 442.64798, 166.893372, 0.988864303, 0.0841297656, 0.122758657, -0.10085924, 0.985404789, 0.137132823, -0.109430015, -0.147987098, 0.982916594),
    CFrame.new( 215.811493, 442.64801, 166.856766, 0.992286026, 0.0863226503, 0.0889776945, -0.0983604789, 0.985077262, 0.141240582, -0.0754576027, -0.148902923, 0.985968649),
    CFrame.new( 215.505203, 442.648041, 166.713791, 0.995517492, 0.0890358016, 0.0319017172, -0.0927927271, 0.984717906, 0.147378832, -0.0182921886, -0.149678439, 0.988565564),
    CFrame.new( 215.242676, 442.648041, 166.591248, 0.995670199, 0.0913725197, -0.0170881748, -0.0877219066, 0.984406173, 0.152478829, 0.0307540596, -0.150319606, 0.98815906),
    CFrame.new( 214.958267, 442.648071, 166.458466, 0.99311018, 0.093917042, -0.0700854063, -0.0819239691, 0.984064043, 0.15781942, 0.0837904513, -0.150990382, 0.984977782),
    CFrame.new( 214.673859, 442.648102, 166.325699, 0.987723947, 0.0964766517, -0.122856468, -0.0758167282, 0.983716905, 0.162951946, 0.13657698, -0.151636958, 0.97895509),
    CFrame.new( 214.375977, 442.648132, 166.176941, 0.978954971, 0.0991145521, -0.178391606, -0.0689455643, 0.983371258, 0.168011159, 0.192077458, -0.152176037, 0.969509602),
    CFrame.new( 214.032593, 442.648163, 165.958572, 0.964194655, 0.101848468, -0.244858295, -0.0598876849, 0.983083904, 0.173088714, 0.258345038, -0.152227223, 0.953983665),
    CFrame.new( 213.660614, 442.648224, 165.722015, 0.943117499, 0.104773119, -0.315518975, -0.0496134087, 0.982770979, 0.178045437, 0.32873711, -0.15226379, 0.932066441),
    CFrame.new( 214.067459, 442.191559, 160.158142, -0.462102294, 0.0511196814, -0.885352135, 0.0459017083, 0.998377919, 0.0336876959, 0.885637999, -0.0250720084, -0.463699102),
    CFrame.new( 214.117569, 441.845947, 159.473404, -0.613215685, 0.00707725994, -0.789883852, 0.0441550612, 0.998703599, -0.0253309272, 0.788680553, -0.0504106879, -0.612733185),
    CFrame.new( 214.131897, 441.745422, 159.257507, -0.600797057, 0.0519811772, -0.797709882, 0.134531438, 0.99022603, -0.0367965512, 0.788000226, -0.129424304, -0.601917863),
    CFrame.new( 214.148193, 441.629395, 159.007843, -0.742511332, -0.0549039654, -0.667579591, 0.0343849473, 0.992196977, -0.119846001, 0.668950438, -0.111941688, -0.734829605),
    CFrame.new( 214.157166, 441.565338, 158.86702, -0.726837337, -0.0745663866, -0.682749867, -0.0233468451, 0.996196985, -0.0839449987, 0.686412692, -0.0450743064, -0.725814044),
    CFrame.new( 214.160919, 441.537781, 158.802856, -0.60053432, -0.147781104, -0.78582406, -0.0415290706, 0.98721081, -0.153916746, 0.79851985, -0.0597977526, -0.598991156),
    CFrame.new( 214.164383, 441.512177, 158.743378, -0.557808101, -0.169626415, -0.812451243, -0.0593277514, 0.984537482, -0.164822295, 0.827846885, -0.0437383242, -0.55924654),
    CFrame.new( 214.167786, 441.488007, 158.686874, -0.532259941, -0.198498309, -0.82298106, -0.0924846455, 0.979938745, -0.176541507, 0.841514111, -0.0178528652, -0.539940119),
    CFrame.new( 214.168823, 441.480194, 158.665939, -0.567522883, -0.206537724, -0.797031999, -0.110746764, 0.978378475, -0.174673945, 0.815875649, -0.0108627155, -0.578125477),
    CFrame.new( 214.169662, 441.473938, 158.649139, -0.578217268, -0.206980973, -0.789191902, -0.110881701, 0.978246808, -0.175324604, 0.808313191, -0.0138687566, -0.588589489),
    CFrame.new( 214.170288, 441.469025, 158.635864, -0.568523169, -0.200793028, -0.797786772, -0.0954677761, 0.979307353, -0.178446755, 0.817109227, -0.0252882093, -0.575928092),
    CFrame.new( 214.170944, 441.463959, 158.622269, -0.56035316, -0.195798576, -0.804777861, -0.0822778121, 0.980009139, -0.181142852, 0.824157, -0.035288617, -0.565261006),
    CFrame.new( 214.171783, 441.45755, 158.604965, -0.572944403, -0.203337312, -0.793970227, -0.0962059125, 0.978724003, -0.18122904, 0.813928246, -0.0274495035, -0.580316603),
    CFrame.new( 214.172607, 441.451111, 158.587646, -0.585234761, -0.211016089, -0.782925665, -0.110139057, 0.977283418, -0.181071237, 0.803349078, -0.019738473, -0.595181227),
    CFrame.new( 214.173035, 441.447418, 158.577225, -0.574143648, -0.216259152, -0.789677918, -0.115449548, 0.97623378, -0.183410063, 0.810574174, -0.0141357705, -0.585465372),
    CFrame.new( 214.173248, 441.445465, 158.571106, -0.566163242, -0.216841415, -0.79526031, -0.113857418, 0.976103008, -0.185093671, 0.816391885, -0.0142469406, -0.577322602),
    CFrame.new( 214.173416, 441.444214, 158.566803, -0.561774254, -0.215773493, -0.798656166, -0.110372737, 0.976305604, -0.186133042, 0.81989491, -0.0164148957, -0.572278798),
    CFrame.new( 214.173615, 441.442688, 158.561554, -0.559929073, -0.21521768, -0.800100565, -0.108265504, 0.976400077, -0.186873481, 0.821436644, -0.018012628, -0.57001543),
    CFrame.new( 214.173798, 441.440887, 158.555405, -0.559477508, -0.214923084, -0.800495505, -0.106825992, 0.976438642, -0.187499419, 0.821932614, -0.0193879902, -0.569254756),
    CFrame.new( 214.174011, 441.439056, 158.549103, -0.560962796, -0.21502018, -0.799429238, -0.106518507, 0.976400018, -0.187875032, 0.820959568, -0.0202368647, -0.57062763),
